$ANSIBLE_VAULT;1.1;AES256
62653939323364306666366531643065336337393733376237313761396230623833343933643361
3563306663633035646535666436366563623965323737340a666134313562663631353538333535
61633232613636316263316439666137666537386131613761353138393662623264643163353035
6566366337303063300a666133323661636236303837653934356361346535383166633534646261
39356164383631373635653539366433326664633632323332633532363634633463313635646365
62376165336235636139386163393462636533623265313161646232313565633535653461666138
62633266623666663537336666316332636638613331656332316235316135393938353033643433
34376431636239636139323839663333663961623533626162633866323730343235396132363338
62393037623565613465626563656437333934633230313537613136656463316664393237383532
32333832626662356437376465326139383738346631363464306162353938623736323964383864
37373530643532636535353837616334303232646264353533313031363666626335393962316536
39646363613338636531303063373031313065663830643336323330326564613534386338646266
34356662383661626234323163633532633365393466616263666138376165613338
