$ANSIBLE_VAULT;1.1;AES256
35633563666138383637626632373631643739643632353339323731346364393361613862326238
3066376331363934306264373038353033653962353166370a623062613035376261353337376430
34373261316261343139373730663136366562643939373630346335386332346639383635646263
6239623332636232340a653037393362313033663733343630663830326432663163646431666434
61313962333133333262366138343539353439393737643838356332323661623233363230393065
63383361363735376130333165333134633432313531333039313163636634333531313764343338
39393434396537353639653038663961666339343634323532303833383933346439356436643833
61626361633864336335373036373238323066383234333961363734343835343230373434353437
66316534633337363064363430393330363633343636616336383935663130343138323631663539
35623266623362333465323362656234636235383033353762383737623332316261386633623535
32313064666130613761396635643237656134333633326164353831353262666666376466613737
65376139336266663061643162623161313931613833656132646564353831336234653938653030
66643632613666643363633935336536353263363763323831333265653866666431343963313532
64343733613538373831343864366166376333616561626531366537666165303666636138346662
65633337326665373330383030343937643761333536336663656133363164613664313439373763
33356166373135353663613732303335306537613031656163343133353432363866303163633832
38653565666433633931613262333636353363373366316237393939363531363537623765623962
38653335376431633732346665613532353637633738323233663265643933343033396666313038
30376237393365336133656666653031383364623736396262343031613530613237363034303936
63373164393639633566613936306465303065336238346262346132666663373465356663636365
33643836666138376137343239613765393134666663363935663036656330343466373338373731
65386162633335643263643266636131323962316638613261653863356138643034303537376366
39353538333335626435663562313637383536623933343966376566356162353362376163663064
66643134363533366434363832333130326165666261383364306663666437313763326634393633
33313862383033663038393932616563643836653333313534313630653863366666
